--Layer--
class ai.neurons.Neuron:8
class ai.neurons.BiasNeuron:1
--Layer--
class ai.neurons.ReLuNeuron:10
class ai.neurons.BiasNeuron:1
--Layer--
class ai.neurons.Neuron:4
Weights:
1.2291175341697316
-0.8842355378519889
0.3644120713533978
-0.8679875908585789
0.41864191340922424
-0.06256029516659896
-0.3891667046746157
-0.47788749724004137
-9.874528203081497E-4
0.003683765796667919
-0.020938984417681005
-4.333609974081143
0.04175473100228086
0.2552651307083152
0.8576462134716233
-0.1752450443095174
-0.3464856751114214
0.16129327170066482
0.020235050453989566
-7.625139694701456
-1.7423632461658323
-0.05948559759134692
-0.24818608559109295
-0.22798821791248527
0.5856720103054353
-0.1453362257852357
0.009784580683794416
14.118680059532329
0.060405201436949066
-0.339186733915972
-0.042708169251946364
2.005707805511717
-13.056863321924851
0.09001229951826539
-0.21897538046848386
0.016382913086509042
1.9985043309048744
-0.2662134740565146
2.585377084308577
-0.5474006282811226
-11.002150821527023
-2.951840584393754
0.0025476641826924743
0.03231978283669276
3.777267724614173
0.05879797990828729
0.12008623900726881
1.5960673689627243
0.8241752473597772
-0.023089310041758137
-12.66262720933238
-0.7511382883958867
-0.09594752925070084
-1.732471785350561
-0.2879907084852579
0.6912689137388586
12.309144398912611
-0.052237789651057215
0.17751726005033985
-0.12530525680565777
-0.063713560102058
0.27726161774228825
0.04618803862738645
-1.6096276418027442
-0.07085436471745027
9.320058455054035
-0.01815026207946389
0.012601587481052764
0.5793574392096325
-0.03730992400760484
-0.1593827340091525
1.2323626738045244
-0.45721843534007406
-0.010800381332705285
-1.4749201484211063
3.9748716353433724
-0.09219584274424443
0.35736720369394115
-0.19665980917320436
0.3610718745741805
-0.0310860793046496
0.16882246254672728
0.2954826048530255
-0.45744855327202777
-1.252873062189041
-0.01877336281468835
-1.3018214402495019
0.8821961611808499
-0.1354500963005739
0.013010791806452732
-0.36313893240415573
0.6711905920658766
0.31741296456382573
0.27995469058891553
-0.1070210334467232
0.27010554882431564
0.01832979120885391
-0.9602644570655232
-0.029074390948040846
0.023020473723437
1.5796858296708916
-0.19708441985020445
-0.0012575101418085292
-0.9701125989368768
-3.3499887071305117
-0.9967055429944338
0.6124260462970594
0.08230511157219342
0.39016734364466066
-0.5269706981820232
0.21757535340697004
0.2288248429290446
-0.12509820689757192
0.030177705311820558
0.1747482090953971
0.0061648531351800725
0.6821737029355525
0.024759936248367757
0.17652804477786135
0.18749230503845657
-0.9784368872915029
0.039966137924834416
0.7972147247745996
0.13590193284991878
0.14003839440126128
-0.09697255807658245
-0.06645647603416657
4.3867352003835345
-0.027680430008501653
0.07382310733461342
0.11462560696976236
-0.004973245563457583
-0.33978474778219797
-0.40136738628329116
