Generation:2353
--Layer--
class ai.neurons.Neuron:8
class ai.neurons.BiasNeuron:1
--Layer--
class ai.neurons.ReLuNeuron:10
class ai.neurons.BiasNeuron:1
--Layer--
class ai.neurons.ReLuNeuron:10
class ai.neurons.BiasNeuron:1
--Layer--
class ai.neurons.Neuron:4
Weights:
-0.0044166012525418425
-1.7456154154576637
-0.04395163956486778
0.07652989044230916
-4.206556621130712E-4
-0.012504973761416875
-0.0027910648291855178
-2.3989012802307043E-4
3.959135113352954E-4
-4.293520507288074
-0.0116988095966506
-2.1186730974752095E-6
10.81538852781259
1.2854347517512975E-4
0.0987739095609862
-0.017675326917397188
0.03309019723977984
0.0026865507306562887
-2.770420743735526
1.1861308102162783E-4
0.01880515089632763
-0.06283948702049594
0.0019978778066088373
0.0626843207258351
0.0017182600970656711
-0.7454835204318153
-38.41424769481154
24.429299489626302
0.03144705387964997
0.022168057629138843
-0.010291605583301546
-0.03428971400528816
-0.010888388991808627
-0.02930020624216697
-0.011463588455457079
-3.36526159596259E-5
1.1694229179344324
-0.698289695495207
0.027144465256533863
-9.718996716808277
0.001855102678047578
0.1979704879151749
0.004818249655993886
9.716195799853848E-4
-0.22932348399403785
0.0245464845871242
0.01872051390570635
-1.628247178840723
0.03876136314787097
-0.47587028857210245
0.08687691912141662
0.026936676788965667
-3.149507058912339E-4
-1.8703829779096417
-1.495022326116469
0.051463970429716725
0.017370585109972372
0.0012470052625651624
-0.09010476388146783
-0.024328340448710257
-0.0058538784293244795
-0.007732722937040921
0.0022788393976376116
0.01163914370765034
-0.020755592391500596
-1.1701946242306704
0.03916904115277524
0.3877757207912558
-9.524373005216328
0.02184954287399228
0.04219139978459356
-0.0023085452200460573
0.07309707324345169
-15.106433889210425
0.17474237963084738
11.214089997331481
0.32728247877256705
-0.21945270494639724
0.0031257041315376124
-0.17574139245517642
0.04821776878406536
0.3268160127541581
-0.008420021521791991
-13.035125176944296
-0.03617627754429469
0.33593734861740554
-0.17106364102188396
0.008463030150624105
0.06536450106152275
5.404809822602115
-0.24672431099177655
0.0026918848407770234
-0.016420015928809935
-0.019161196556140153
-0.12962705788004908
-0.005084670300147311
-0.03880615152847384
0.11581797102665443
3.6462396095655744E-7
0.0013739319519783747
0.004031673422475075
-0.4298239546510718
-0.0012090339112452125
-9.416508778847708E-5
2.9899621787780883E-4
0.004300706417821473
-0.006588686291105079
0.5748607091377131
-0.0021467394430587676
0.875956442240994
-0.0026955375274964263
8.848255774189993E-4
1.5386193726500519
-1.0379846717534478E-4
0.025432198497027197
0.005313673531510937
-0.12163292045214924
0.13761706068147012
-0.15449268716701914
0.09155507674496793
-0.512963146378822
-0.01066945119498252
-0.20204851720908448
5.395070724082763
-0.023441962154910026
0.07454133100459627
1.6776864557014118E-4
0.18006924663932167
-3.483684088847378
1.1106941085521642
-0.010834431574630217
-0.055069125772789274
-1.688563416030499
0.005090868761151699
0.8836729092009201
-0.21439674999144645
-0.3173489355566646
3.8654216924228776E-5
-0.038560523019541826
-0.5502993142061701
0.18259326557280017
0.006120608634242325
2.5656495241449073E-5
-0.23114266748930407
1.5796377258625331
0.5481893608993764
0.08347545223095146
4.051274558885035
-0.6831399032335552
0.07223140797599237
-0.009063931292452315
0.0694004569406238
4.624587164420541
2.2452357972619685
-2.1462688639657538E-4
-3.4755736497623695
0.14559598846715482
-0.004285631512182239
0.04635759827961299
0.07369444162597304
0.0015417047319645216
4.499565126992284E-4
-0.3331808450111064
0.016548441507044164
-4.555604649083493E-5
0.0011386367417258992
-0.056565529901369094
6.82989892135297E-4
1.1361790121071649
-0.05448849433087809
-0.630578903267936
-0.21635202799838577
-1.000042371434868
3.033685988117463E-4
1.8735560745648003
-0.35605627086569913
0.036934504044944104
-2.738869659236172E-4
0.6981182325882496
4.4175131184331527E-4
-0.08693056455087644
-0.043066820024807335
2.53623166871635
-2.1872039651222143E-4
-0.014887798445391232
-0.34731004710367713
0.0013148764481097155
0.47942859493828915
-0.3409007343709181
0.09303562335481239
-2.3524162449540392E-6
2.742022829549117
1.5929746016863562E-4
0.8524899688000388
-0.0017249891679493538
3.616983197652925E-4
0.7548301925774572
-0.051845725042129934
-0.07143842193720737
-0.03171609437649475
-32.668611880286015
-0.010811433095496245
-2.3061293184309113
-4.4102533564765025
-2.2528269267440282E-4
-0.025047418449519243
12.808032872151283
-1.2114540738780575
0.01283510518003273
0.04906972870197965
-0.011845027896307321
0.08412912236077684
0.0013964543310238434
0.01026622594455441
2.7585073853761063E-4
-1.3109296234601553
-6.449522963604046
0.017968796588921677
2.243821232855192
-0.1688115424954011
0.07674072376345908
-0.01783023743442416
-0.014923358927114258
-0.23751283741965637
0.042871672208747255
12.515842531341946
16.008029382114557
-0.026864752458158146
-2.0868878075399335
-1.8224785286535394
3.432429179261278E-4
-0.008206514186853949
-9.950020072637383E-4
-0.018366551555299183
-4.5227833135824265E-5
0.24791083635297204
0.7087589238850255
2.6041457173274853
-0.001916690780491146
3.719113655137142E-8
-0.41959523460785514
-0.05705541283228703
-0.05908395742600646
-0.3158138665064056
